shape_id,shape_pt_sequence,shape_pt_lat,shape_pt_lon
ro-10d2bd23,1,40.283758,-3.776647
ro-10d2bd23,2,40.281331,-3.764138
ro-10d2bd23,3,40.280289,-3.767381
ro-10d2bd23,4,40.279812,-3.768663
ro-10d2bd23,5,40.279694,-3.771936
ro-10d2bd23,6,40.280105,-3.776073
ro-10d2bd23,7,40.280254,-3.782078
ro-10d2bd23,8,40.281991,-3.786730
ro-10d2bd23,9,40.284046,-3.790213
ro-10d2bd23,10,40.284679,-3.794046
ro-10d2bd23,11,40.284404,-3.797145
ro-10d2bd23,12,40.286802,-3.799901
ro-10d2bd23,13,40.288729,-3.802126
ro-10d2bd23,14,40.292239,-3.806570
ro-10d2bd23,15,40.293988,-3.810335
ro-10d2bd23,16,40.295880,-3.809744
ro-10d2bd23,17,40.298502,-3.809587
ro-10d2bd23,18,40.300204,-3.810301
ro-10d2bd23,19,40.298252,-3.809818
ro-10d2bd23,20,40.295869,-3.810005
ro-10d2bd23,21,40.294257,-3.810394
ro-10d2bd23,22,40.292084,-3.810051
ro-10d2bd23,23,40.289035,-3.809879
ro-10d2bd23,24,40.285285,-3.810365
ro-10d2bd23,25,40.285739,-3.816035
ro-10d2bd23,26,40.288812,-3.818908
ro-10d2bd23,27,40.291219,-3.821103
ro-10d2bd23,28,40.294269,-3.825360
ro-10d2bd23,29,40.294944,-3.831686
ro-10d2bd23,30,40.296877,-3.833452
ro-10d2bd23,31,40.296264,-3.835997
ro-10d2bd23,32,40.296144,-3.840126
ro-10d2bd23,33,40.301257,-3.840852
ro-10d2bd23,34,40.303593,-3.839088
ro-10d2bd23,35,40.303594,-3.836476
ro-10d2bd23,36,40.303533,-3.834981
ro-10d2bd23,37,40.314138,-3.839526
ro-1f3afea0,1,40.281991,-3.786730
ro-1f3afea0,2,40.284046,-3.790213
ro-1f3afea0,3,40.287126,-3.788297
ro-1f3afea0,4,40.288807,-3.788627
ro-1f3afea0,5,40.292306,-3.786405
ro-1f3afea0,6,40.294333,-3.785242
ro-1f3afea0,7,40.295524,-3.788812
ro-1f3afea0,8,40.296374,-3.792098
ro-1f3afea0,9,40.300204,-3.810301
ro-3af42ee9,1,40.281991,-3.786730
ro-3af42ee9,2,40.284046,-3.790213
ro-3af42ee9,3,40.287126,-3.788297
ro-3af42ee9,4,40.288807,-3.788627
ro-3af42ee9,5,40.292306,-3.786405
ro-3af42ee9,6,40.294333,-3.785242
ro-3af42ee9,7,40.295524,-3.788812
ro-3af42ee9,8,40.296374,-3.792098
ro-47d7f5da,1,40.300204,-3.810301
ro-47d7f5da,2,40.298252,-3.809818
ro-47d7f5da,3,40.295869,-3.810005
ro-47d7f5da,4,40.294257,-3.810394
ro-47d7f5da,5,40.296830,-3.816052
ro-47d7f5da,6,40.297080,-3.818507
ro-47d7f5da,7,40.296564,-3.815785
ro-47d7f5da,8,40.293865,-3.811121
ro-47d7f5da,9,40.292013,-3.806626
ro-47d7f5da,10,40.289687,-3.804519
ro-47d7f5da,11,40.287552,-3.806891
ro-47d7f5da,12,40.285096,-3.806435
ro-47d7f5da,13,40.285285,-3.810365
ro-47d7f5da,14,40.285739,-3.816035
ro-47d7f5da,15,40.285225,-3.816180
ro-47d7f5da,16,40.285118,-3.811067
ro-47d7f5da,17,40.284408,-3.809383
ro-47d7f5da,18,40.281300,-3.808087
ro-47d7f5da,19,40.281502,-3.804972
ro-47d7f5da,20,40.282046,-3.802385
ro-47d7f5da,21,40.284818,-3.803553
ro-47d7f5da,22,40.286726,-3.799975
ro-47d7f5da,23,40.283653,-3.796187
ro-47d7f5da,24,40.281913,-3.797684
ro-47d7f5da,25,40.278193,-3.801510
ro-47d7f5da,26,40.276873,-3.800413
ro-47d7f5da,27,40.277918,-3.798213
ro-47d7f5da,28,40.279519,-3.798615
ro-47d7f5da,29,40.280191,-3.795205
ro-47d7f5da,30,40.279700,-3.791906
ro-47d7f5da,31,40.279641,-3.788729
ro-47d7f5da,32,40.280254,-3.782078
ro-47d7f5da,33,40.281991,-3.786730
ro-47d7f5da,34,40.284046,-3.790213
ro-47d7f5da,35,40.287126,-3.788297
ro-47d7f5da,36,40.288807,-3.788627
ro-47d7f5da,37,40.292306,-3.786405
ro-47d7f5da,38,40.294333,-3.785242
ro-47d7f5da,39,40.295524,-3.788812
ro-47d7f5da,40,40.296374,-3.792098
ro-47d7f5da,41,40.293684,-3.793010
ro-47d7f5da,42,40.292603,-3.798268
ro-47d7f5da,43,40.292105,-3.801204
ro-47d7f5da,44,40.293230,-3.802652
ro-47d7f5da,45,40.296588,-3.801680
ro-47d7f5da,46,40.295663,-3.805175
ro-47d7f5da,47,40.295081,-3.808604
ro-47d7f5da,48,40.295880,-3.809744
ro-47d7f5da,49,40.298502,-3.809587
ro-47d7f5da,50,40.300204,-3.810301
ro-75d1111b,1,40.314138,-3.839526
ro-75d1111b,2,40.310434,-3.836233
ro-75d1111b,3,40.300737,-3.830463
ro-75d1111b,4,40.302548,-3.832898
ro-75d1111b,5,40.303821,-3.836429
ro-75d1111b,6,40.303860,-3.839562
ro-75d1111b,7,40.301632,-3.841137
ro-75d1111b,8,40.296087,-3.840513
ro-75d1111b,9,40.296066,-3.835959
ro-75d1111b,10,40.294784,-3.831769
ro-75d1111b,11,40.294123,-3.825523
ro-75d1111b,12,40.291058,-3.821259
ro-75d1111b,13,40.288478,-3.818970
ro-75d1111b,14,40.285225,-3.816180
ro-75d1111b,15,40.285118,-3.811067
ro-75d1111b,16,40.289025,-3.809746
ro-75d1111b,17,40.292268,-3.809932
ro-75d1111b,18,40.293988,-3.810335
ro-75d1111b,19,40.295880,-3.809744
ro-75d1111b,20,40.298502,-3.809587
ro-75d1111b,21,40.300204,-3.810301
ro-75d1111b,22,40.298252,-3.809818
ro-75d1111b,23,40.295869,-3.810005
ro-75d1111b,24,40.294257,-3.810394
ro-75d1111b,25,40.292013,-3.806626
ro-75d1111b,26,40.288987,-3.802579
ro-75d1111b,27,40.286726,-3.799975
ro-75d1111b,28,40.284026,-3.794332
ro-75d1111b,29,40.283596,-3.792473
ro-75d1111b,30,40.281523,-3.787598
ro-75d1111b,31,40.279952,-3.781428
ro-75d1111b,32,40.279959,-3.776346
ro-75d1111b,33,40.279461,-3.770599
ro-75d1111b,34,40.279640,-3.768675
ro-75d1111b,35,40.280191,-3.767280
ro-75d1111b,36,40.281331,-3.764138
ro-75d1111b,37,40.282797,-3.771344
ro-75d1111b,38,40.283758,-3.776647
ro-82768de2,1,40.296264,-3.835997
ro-82768de2,2,40.296144,-3.840126
ro-82768de2,3,40.301257,-3.840852
ro-82768de2,4,40.303593,-3.839088
ro-82768de2,5,40.303594,-3.836476
ro-82768de2,6,40.303533,-3.834981
ro-82768de2,7,40.302197,-3.832882
ro-82768de2,8,40.299989,-3.831737
ro-82768de2,9,40.298180,-3.832644
ro-82768de2,10,40.295285,-3.833173
ro-82768de2,11,40.293291,-3.833572
ro-82768de2,12,40.291932,-3.832060
ro-82768de2,13,40.291051,-3.828027
ro-82768de2,14,40.288039,-3.823449
ro-82768de2,15,40.285562,-3.818919
ro-82768de2,16,40.283685,-3.816266
ro-82768de2,17,40.280491,-3.814395
ro-82768de2,18,40.282376,-3.815017
ro-82768de2,19,40.285225,-3.816180
ro-82768de2,20,40.285118,-3.811067
ro-82768de2,21,40.284962,-3.804909
ro-82768de2,22,40.287000,-3.800708
ro-82768de2,23,40.287800,-3.798090
ro-82768de2,24,40.287821,-3.794772
ro-82768de2,25,40.286876,-3.792531
ro-82768de2,26,40.284679,-3.794046
ro-82768de2,27,40.281913,-3.797684
ro-82768de2,28,40.278193,-3.801510
ro-82768de2,29,40.276873,-3.800413
ro-82768de2,30,40.277303,-3.798172
ro-82768de2,31,40.277786,-3.795439
ro-82768de2,32,40.275714,-3.793178
ro-82768de2,33,40.276954,-3.791732
ro-82768de2,34,40.277222,-3.789789
ro-8495f53d,1,40.300204,-3.810301
ro-8495f53d,2,40.298252,-3.809818
ro-8495f53d,3,40.295869,-3.810005
ro-8495f53d,4,40.294257,-3.810394
ro-8495f53d,5,40.296830,-3.816052
ro-8495f53d,6,40.297080,-3.818507
ro-8495f53d,7,40.296564,-3.815785
ro-8495f53d,8,40.293865,-3.811121
ro-8495f53d,9,40.292013,-3.806626
ro-8495f53d,10,40.289687,-3.804519
ro-8495f53d,11,40.287552,-3.806891
ro-8495f53d,12,40.285096,-3.806435
ro-8495f53d,13,40.285285,-3.810365
ro-8495f53d,14,40.285739,-3.816035
ro-8495f53d,15,40.285225,-3.816180
ro-8495f53d,16,40.285118,-3.811067
ro-8495f53d,17,40.284408,-3.809383
ro-8495f53d,18,40.281300,-3.808087
ro-8495f53d,19,40.281502,-3.804972
ro-8495f53d,20,40.282046,-3.802385
ro-8495f53d,21,40.284818,-3.803553
ro-8495f53d,22,40.286726,-3.799975
ro-8495f53d,23,40.283653,-3.796187
ro-8495f53d,24,40.281913,-3.797684
ro-8495f53d,25,40.278193,-3.801510
ro-8495f53d,26,40.276873,-3.800413
ro-8495f53d,27,40.277303,-3.798172
ro-8495f53d,28,40.279700,-3.791906
ro-8495f53d,29,40.279641,-3.788729
ro-8495f53d,30,40.280254,-3.782078
ro-8495f53d,31,40.281991,-3.786730
ro-8495f53d,32,40.284046,-3.790213
ro-8495f53d,33,40.287126,-3.788297
ro-8495f53d,34,40.288807,-3.788627
ro-8495f53d,35,40.292306,-3.786405
ro-8495f53d,36,40.294333,-3.785242
ro-8495f53d,37,40.295524,-3.788812
ro-8495f53d,38,40.296374,-3.792098
ro-8495f53d,39,40.293684,-3.793010
ro-8495f53d,40,40.292603,-3.798268
ro-8495f53d,41,40.292105,-3.801204
ro-8495f53d,42,40.293230,-3.802652
ro-8495f53d,43,40.296588,-3.801680
ro-8495f53d,44,40.295663,-3.805175
ro-8495f53d,45,40.295081,-3.808604
ro-8495f53d,46,40.295880,-3.809744
ro-8495f53d,47,40.298502,-3.809587
ro-8495f53d,48,40.300204,-3.810301
ro-873c0384,1,40.284404,-3.797145
ro-873c0384,2,40.286802,-3.799901
ro-873c0384,3,40.288729,-3.802126
ro-873c0384,4,40.292239,-3.806570
ro-873c0384,5,40.292084,-3.810051
ro-873c0384,6,40.289035,-3.809879
ro-873c0384,7,40.285285,-3.810365
ro-873c0384,8,40.285739,-3.816035
ro-873c0384,9,40.288812,-3.818908
ro-873c0384,10,40.291219,-3.821103
ro-873c0384,11,40.294269,-3.825360
ro-873c0384,12,40.294944,-3.831686
ro-873c0384,13,40.298164,-3.832373
ro-873c0384,14,40.300342,-3.831388
ro-873c0384,15,40.302548,-3.832898
ro-873c0384,16,40.314138,-3.839526
ro-873c0384,17,40.310434,-3.836233
ro-873c0384,18,40.303821,-3.836429
ro-873c0384,19,40.303860,-3.839562
ro-873c0384,20,40.301632,-3.841137
ro-873c0384,21,40.296087,-3.840513
ro-873c0384,22,40.296066,-3.835959
ro-873c0384,23,40.294784,-3.831769
ro-873c0384,24,40.294123,-3.825523
ro-873c0384,25,40.291058,-3.821259
ro-873c0384,26,40.288478,-3.818970
ro-873c0384,27,40.285225,-3.816180
ro-873c0384,28,40.285118,-3.811067
ro-873c0384,29,40.284962,-3.804909
ro-873c0384,30,40.286726,-3.799975
ro-873c0384,31,40.284397,-3.794172
ro-873c0384,32,40.287034,-3.792427
ro-873c0384,33,40.289554,-3.791453
ro-873c0384,34,40.293680,-3.791033
ro-873c0384,35,40.292603,-3.798268
ro-873c0384,36,40.292496,-3.797673
ro-9caff0cc,1,40.276424,-3.781098
ro-9caff0cc,2,40.275809,-3.785226
ro-9caff0cc,3,40.279694,-3.771936
ro-9caff0cc,4,40.276693,-3.786377
ro-9caff0cc,5,40.280254,-3.782078
ro-9caff0cc,6,40.281279,-3.784960
ro-9caff0cc,7,40.282827,-3.784319
ro-9caff0cc,8,40.285577,-3.784869
ro-9caff0cc,9,40.287126,-3.788297
ro-9caff0cc,10,40.286876,-3.792531
ro-9caff0cc,11,40.284679,-3.794046
ro-9caff0cc,12,40.281913,-3.797684
ro-9caff0cc,13,40.283266,-3.799707
ro-bd576ca6,1,40.283266,-3.799707
ro-bd576ca6,2,40.281724,-3.797658
ro-bd576ca6,3,40.284397,-3.794172
ro-bd576ca6,4,40.287034,-3.792427
ro-bd576ca6,5,40.286845,-3.788189
ro-bd576ca6,6,40.285068,-3.784228
ro-bd576ca6,7,40.282895,-3.784413
ro-bd576ca6,8,40.281170,-3.785124
ro-bd576ca6,9,40.279952,-3.781428
ro-bd576ca6,10,40.276656,-3.786518
ro-bd576ca6,11,40.275674,-3.785166
ro-bd576ca6,12,40.276424,-3.781098
ro-bf0777c2,1,40.277292,-3.789690
ro-bf0777c2,2,40.277034,-3.791839
ro-bf0777c2,3,40.275842,-3.793234
ro-bf0777c2,4,40.277525,-3.795252
ro-bf0777c2,5,40.277285,-3.798713
ro-bf0777c2,6,40.277005,-3.800402
ro-bf0777c2,7,40.277863,-3.801661
ro-bf0777c2,8,40.281724,-3.797658
ro-bf0777c2,9,40.284397,-3.794172
ro-bf0777c2,10,40.287034,-3.792427
ro-bf0777c2,11,40.287934,-3.794636
ro-bf0777c2,12,40.287830,-3.798328
ro-bf0777c2,13,40.286201,-3.802439
ro-bf0777c2,14,40.285097,-3.804921
ro-bf0777c2,15,40.285096,-3.806435
ro-bf0777c2,16,40.285285,-3.810365
ro-bf0777c2,17,40.285739,-3.816035
ro-bf0777c2,18,40.285748,-3.818739
ro-bf0777c2,19,40.288421,-3.823707
ro-bf0777c2,20,40.290953,-3.827738
ro-bf0777c2,21,40.292015,-3.830509
ro-bf0777c2,22,40.294944,-3.831686
ro-bf0777c2,23,40.296877,-3.833452
ro-bf0777c2,24,40.296264,-3.835997
ro-d3763257,1,40.296374,-3.792098
ro-d3763257,2,40.293684,-3.793010
ro-d3763257,3,40.292603,-3.798268
ro-d3763257,4,40.292105,-3.801204
ro-d3763257,5,40.293230,-3.802652
ro-d3763257,6,40.296588,-3.801680
ro-d3763257,7,40.295663,-3.805175
ro-d3763257,8,40.295081,-3.808604
ro-d3763257,9,40.295880,-3.809744
ro-d3763257,10,40.298502,-3.809587
ro-d3763257,11,40.300204,-3.810301
ro-d8262e37,1,40.300204,-3.810301
ro-d8262e37,2,40.298252,-3.809818
ro-d8262e37,3,40.295869,-3.810005
ro-d8262e37,4,40.294963,-3.808603
ro-d8262e37,5,40.295074,-3.805674
ro-d8262e37,6,40.292496,-3.802389
ro-d8262e37,7,40.291902,-3.800722
ro-d8262e37,8,40.292496,-3.797673
ro-d8262e37,9,40.293255,-3.792731
ro-d8262e37,10,40.296265,-3.792101
ro-d8262e37,11,40.295290,-3.788602
ro-d8262e37,12,40.294092,-3.785504
ro-d8262e37,13,40.292350,-3.786535
ro-d8262e37,14,40.289833,-3.788377
ro-d8262e37,15,40.286845,-3.788189
ro-d8262e37,16,40.285068,-3.784228
ro-d8262e37,17,40.282895,-3.784413
ro-d8262e37,18,40.281991,-3.786730
ro-d8262e37,19,40.284046,-3.790213
ro-d8262e37,20,40.284679,-3.794046
ro-d8262e37,21,40.281913,-3.797684
ro-d8262e37,22,40.279431,-3.798726
ro-d8262e37,23,40.277285,-3.798713
ro-d8262e37,24,40.277005,-3.800402
ro-d8262e37,25,40.277919,-3.803330
ro-d8262e37,26,40.278681,-3.806397
ro-d8262e37,27,40.278574,-3.808388
ro-d8262e37,28,40.281059,-3.808927
ro-d8262e37,29,40.284434,-3.809306
ro-d8262e37,30,40.285285,-3.810365
ro-d8262e37,31,40.285739,-3.816035
ro-d8262e37,32,40.285225,-3.816180
ro-d8262e37,33,40.285118,-3.811067
ro-d8262e37,34,40.284962,-3.804909
ro-d8262e37,35,40.287000,-3.800708
ro-d8262e37,36,40.288729,-3.802126
ro-d8262e37,37,40.292239,-3.806570
ro-d8262e37,38,40.293272,-3.809630
ro-d8262e37,39,40.296830,-3.816052
ro-d8262e37,40,40.297138,-3.818863
ro-d8262e37,41,40.296564,-3.815785
ro-d8262e37,42,40.293988,-3.810335
ro-d8262e37,43,40.295880,-3.809744
ro-d8262e37,44,40.298502,-3.809587
ro-d8262e37,45,40.300204,-3.810301
ro-d9588842,1,40.300204,-3.810301
ro-d9588842,2,40.298252,-3.809818
ro-d9588842,3,40.295869,-3.810005
ro-d9588842,4,40.294257,-3.810394
ro-d9588842,5,40.292013,-3.806626
ro-d9588842,6,40.288987,-3.802579
ro-d9588842,7,40.283266,-3.799707
ro-fdd1a127,1,40.292496,-3.797673
ro-fdd1a127,2,40.293255,-3.792731
ro-fdd1a127,3,40.292809,-3.790600
ro-fdd1a127,4,40.289442,-3.791560
ro-fdd1a127,5,40.286876,-3.792531
ro-fdd1a127,6,40.284679,-3.794046
ro-fdd1a127,7,40.284404,-3.797145
ro-fdd1a127,8,40.286802,-3.799901
ro-fdd1a127,9,40.288729,-3.802126
ro-fdd1a127,10,40.292239,-3.806570
ro-fdd1a127,11,40.292084,-3.810051
ro-fdd1a127,12,40.289035,-3.809879
ro-fdd1a127,13,40.285285,-3.810365
ro-fdd1a127,14,40.285739,-3.816035
ro-fdd1a127,15,40.288812,-3.818908
ro-fdd1a127,16,40.291219,-3.821103
ro-fdd1a127,17,40.294269,-3.825360
ro-fdd1a127,18,40.294944,-3.831686
ro-fdd1a127,19,40.298164,-3.832373
ro-fdd1a127,20,40.300342,-3.831388
ro-fdd1a127,21,40.302548,-3.832898
ro-fdd1a127,22,40.314138,-3.839526
ro-fdd1a127,23,40.310434,-3.836233
ro-fdd1a127,24,40.303821,-3.836429
ro-fdd1a127,25,40.303860,-3.839562
ro-fdd1a127,26,40.301632,-3.841137
ro-fdd1a127,27,40.296087,-3.840513
ro-fdd1a127,28,40.296066,-3.835959
ro-fdd1a127,29,40.294784,-3.831769
ro-fdd1a127,30,40.294123,-3.825523
ro-fdd1a127,31,40.291058,-3.821259
ro-fdd1a127,32,40.288478,-3.818970
ro-fdd1a127,33,40.285225,-3.816180
ro-fdd1a127,34,40.285118,-3.811067
ro-fdd1a127,35,40.284962,-3.804909
ro-fdd1a127,36,40.286726,-3.799975
ro-fdd1a127,37,40.284397,-3.794172
ro-fdd1a127,38,40.287034,-3.792427
ro-fdd1a127,39,40.289554,-3.791453
ro-fdd1a127,40,40.293680,-3.791033
ro-fdd1a127,41,40.292603,-3.798268
ro-fdd1a127,42,40.292496,-3.797673
